MainFont = 20;
FONTNAME = Arial;
debugMode = -1;
Thickness = 3;
WindowStyle = -2146959360;
SizeOfScreen.x = 996.000000;
SizeOfScreen.y = 448.000000;
